translation_matrix = [0.03 0.53 0.067;
                        -0.04 0.53 0.067;
                        -0.13 0.53 0.067;
                        0.13 0.61 0.067;
                        0.03 0.61 0.067;
                        -0.04 0.61 0.067;
                        -0.20 0.89 0.067;
                        -0.28 0.87 0.067];
rotation_matrix = [pi/2 -pi 0;
                    pi/2 -pi 0;
                    pi/2 -pi 0;
                    pi/2 -pi 0;
                    pi/2 -pi 0;
                    pi/2 -pi 0;
                    -pi/2 -pi 0;
                    pi/2 -pi 0];
drop_location = [-0.42 0.75 0.15];
pick_location = [-0.42 0.75 0.125];
correction_parameter = 0.06;